*---Console params
1.0e-3 1e0
5e-3
5.0e-6
*---Mesh params
2.5 2.5 2.5
75.0 75.0 75.0
1 60 3600
*---System control
False
True
False
False
True
False
False
1e10
*---Gravity
0.0
*---Contactable walls
0
*---Bonded walls
0.0	0.0	0.0	0.0	0.0	0.0	0.0	0.0	0.0
0.0	0.0	0.0	1.0
20.0	10.0	10.0	10.0
6
0.0	0.0	10.0	0.0	0.0	1.0	1.0	0.0	0.0	0.0	1.0	0.0	20.0	20.0
0.0	0.0	-10.0	0.0	0.0	-1.0	-1.0	0.0	0.0	0.0	-1.0	0.0	20.0	20.0
10.0	0.0	0.0	1.0	0.0	0.0	0.0	1.0	0.0	0.0	0.0	1.0	20.0	20.0
-10.0	0.0	0.0	-1.0	0.0	0.0	0.0	-1.0	0.0	0.0	0.0	-1.0	20.0	20.0
0.0	10.0	0.0	0.0	1.0	0.0	0.0	0.0	1.0	1.0	0.0	0.0	20.0	20.0
0.0	-10.0	0.0	0.0	-1.0	0.0	0.0	0.0	-1.0	-1.0	0.0	0.0	20.0	20.0
*---Funnel walls
0
*---Periodic boundary conditions
0