DEMBody 2.0
*---Console params
5.0e-3 1.0e0
5.0e-3
5.0e-6
*---Mesh params
0.625 0.625 0.625
25.0 25.0 25.0
1 80 6400
*---System control
False
True
False
False
True
True
False
1e10
*---Gravity
980.0
*---Contactable walls
0
*---Bonded walls
0.0	0.0	0.0	0.0	0.0	0.0	0.0	0.0	0.0
0.0	0.0	0.0	1.0
270.0	1.8011e+04	1.0131e+04	1.0131e+04
12
0.0	0.0	0.25	0.0	0.0	1.0	1.0	0.0	0.0	0.0	1.0	0.0	5.0	20.0
0.0	0.0	-0.25	0.0	0.0	-1.0	-1.0	0.0	0.0	0.0	-1.0	0.0	5.0	20.0
2.5	0.0	0.0	1.0	0.0	0.0	0.0	1.0	0.0	0.0	0.0	1.0	20.0	0.5
-2.5	0.0	0.0	-1.0	0.0	0.0	0.0	-1.0	0.0	0.0	0.0	-1.0	20.0	0.5
0.0	10.0	0.0	0.0	1.0	0.0	0.0	0.0	1.0	1.0	0.0	0.0	0.5	5.0
0.0	-10.0	0.0	0.0	-1.0	0.0	0.0	0.0	-1.0	-1.0	0.0	0.0	0.5	5.0
0.0	0.25	0.0	0.0	1.0	0.0	1.0	0.0	0.0	0.0	0.0	1.0	5.0	20.0
0.0	-0.25	0.0	0.0	-1.0	0.0	-1.0	0.0	0.0	0.0	0.0	-1.0	5.0	20.0
2.5	0.0	0.0	1.0	0.0	0.0	0.0	1.0	0.0	0.0	0.0	1.0	0.5	20.0
-2.5	0.0	0.0	-1.0	0.0	0.0	0.0	-1.0	0.0	0.0	0.0	-1.0	0.5	20.0
0.0	0.0	10.0	0.0	0.0	1.0	1.0	0.0	0.0	0.0	1.0	0.0	5.0	0.5
0.0	0.0	-10.0	0.0	0.0	-1.0	-1.0	0.0	0.0	0.0	-1.0	0.0	5.0	0.5
*---Funnel walls
1
0.0	5.0	18.0	0.0	0.0	1.0	1.2	8.0	17.0
*---Periodic boundary conditions
0