0.0D0	0.0D0	0	0.0D0
       1       2       2            0.00000000          0.00000000          0.00000000          0.00000000          0.00000000          0.00000000          0.00000000          0.00000000          0.00000000        -1       0       0       0      11            0.00000000          0.00000000          0.00000000          0.00000000          0.00000000          0.00000000          0.00000000          0.00000000          0.00000000        -1       0       0       0
       2       2       1            0.00000000          0.00000000          0.00000000          0.00000000          0.00000000          0.00000000          0.00000000          0.00000000          0.00000000        -1       0       0       0      11            0.00000000          0.00000000          0.00000000          0.00000000          0.00000000          0.00000000          0.00000000          0.00000000          0.00000000        -1       0       0       0
       3       1      11            0.00000000          0.00000000          0.00000000          0.00000000          0.00000000          0.00000000          0.00000000          0.00000000          0.00000000        -1       0       0       0
       4       2       5            0.00000000          0.00000000          0.00000000          0.00000000          0.00000000          0.00000000          0.00000000          0.00000000          0.00000000        -1       0       0       0      11            0.00000000          0.00000000          0.00000000          0.00000000          0.00000000          0.00000000          0.00000000          0.00000000          0.00000000        -1       0       0       0
       5       2       4            0.00000000          0.00000000          0.00000000          0.00000000          0.00000000          0.00000000          0.00000000          0.00000000          0.00000000        -1       0       0       0      11            0.00000000          0.00000000          0.00000000          0.00000000          0.00000000          0.00000000          0.00000000          0.00000000          0.00000000        -1       0       0       0
       6       1      11            0.00000000          0.00000000          0.00000000          0.00000000          0.00000000          0.00000000          0.00000000          0.00000000          0.00000000        -1       0       0       0
       7       2       8            0.00000000          0.00000000          0.00000000          0.00000000          0.00000000          0.00000000          0.00000000          0.00000000          0.00000000        -1       0       0       0      11            0.00000000          0.00000000          0.00000000          0.00000000          0.00000000          0.00000000          0.00000000          0.00000000          0.00000000        -1       0       0       0
       8       2       7            0.00000000          0.00000000          0.00000000          0.00000000          0.00000000          0.00000000          0.00000000          0.00000000          0.00000000        -1       0       0       0      11            0.00000000          0.00000000          0.00000000          0.00000000          0.00000000          0.00000000          0.00000000          0.00000000          0.00000000        -1       0       0       0
       9       1      11            0.00000000          0.00000000          0.00000000          0.00000000          0.00000000          0.00000000          0.00000000          0.00000000          0.00000000        -1       0       0       0
      10       1      11            0.00000000          0.00000000          0.00000000          0.00000000          0.00000000          0.00000000          0.00000000          0.00000000          0.00000000        -1       0       0       0
