DEMBody 4.1
*---Parallel params
1.5	1.5	1.5
32	32	32
*---Console params
1.0e-3 5.0e1
1.0e-1
2.0e-4
*---Mesh params
0.75 0.75 0.75
24.0 24.0 24.0
1 64 4096
0.04
*---System control
False
True
False
False
False
False
True
False
False
False
5e5
*---Gravity
0.0
*---Contactable walls
0
*---Bonded walls
0
*---TriMesh walls
96
1.6927e+00  -5.5435e+00   8.1579e+00  2.0681e+00  -3.1519e+00  -4.9543e+00 -3.7839e+00  -1.6693e+00  -1.5544e+00
  1.6927e+00  -5.5435e+00   8.1579e+00 -3.7839e+00  -1.6693e+00  -1.5544e+00 -2.7515e+00   3.7155e+00   1.6305e+00
  1.6927e+00  -5.5435e+00   8.1579e+00 -2.7515e+00   3.7155e+00   1.6305e+00  2.5949e+00   5.0981e+00   8.7200e-01
  1.6927e+00  -5.5435e+00   8.1579e+00  2.5949e+00   5.0981e+00   8.7200e-01  4.2134e+00   1.1198e+00  -1.4073e+00
  1.6927e+00  -5.5435e+00   8.1579e+00  4.2134e+00   1.1198e+00  -1.4073e+00  2.0681e+00  -3.1519e+00  -4.9543e+00
 -5.1493e+00   7.2724e-01   8.5692e+00  5.0297e+00   2.5252e+00   8.9260e-01  4.0905e+00  -2.5552e+00   1.2192e+00
 -5.1493e+00   7.2724e-01   8.5692e+00 -4.1116e+00  -2.0618e+00  -5.0367e+00 -3.4212e+00   2.8564e+00  -4.8650e+00
 -5.1493e+00   7.2724e-01   8.5692e+00  1.3620e-01   4.1768e+00  -1.4363e+00  5.0297e+00   2.5252e+00   8.9260e-01
 -5.1493e+00   7.2724e-01   8.5692e+00 -3.4212e+00   2.8564e+00  -4.8650e+00  1.3620e-01   4.1768e+00  -1.4363e+00
 -5.1493e+00   7.2724e-01   8.5692e+00 -1.1714e+00  -4.1140e+00  -1.5913e+00 -4.1116e+00  -2.0618e+00  -5.0367e+00
 -5.1493e+00   7.2724e-01   8.5692e+00  4.0905e+00  -2.5552e+00   1.2192e+00 -1.1714e+00  -4.1140e+00  -1.5913e+00
  8.2627e+00   5.5612e+00  -9.0653e-01 -2.7493e+00   8.8390e-01  -4.3918e+00  7.4750e-01  -3.8966e+00  -3.1039e+00
  8.2627e+00   5.5612e+00  -9.0653e-01 -3.7558e+00   3.2972e+00  -2.1307e-01 -2.7493e+00   8.8390e-01  -4.3918e+00
  8.2627e+00   5.5612e+00  -9.0653e-01  1.4397e+00  -4.1832e+00   2.9073e+00 -1.2895e+00   5.5450e-01   4.6467e+00
  8.2627e+00   5.5612e+00  -9.0653e-01  7.4750e-01  -3.8966e+00  -3.1039e+00  1.4397e+00  -4.1832e+00   2.9073e+00
  8.2627e+00   5.5612e+00  -9.0653e-01 -1.2895e+00   5.5450e-01   4.6467e+00 -3.7558e+00   3.2972e+00  -2.1307e-01
 -8.0968e+00   5.8651e+00  -2.4568e-01 -4.7370e-01  -2.2815e+00   3.9499e+00 -1.8111e+00  -6.3914e+00  -1.0062e+00
 -8.0968e+00   5.8651e+00  -2.4568e-01  3.5215e+00   3.0206e+00   5.9943e-01 -4.7370e-01  -2.2815e+00   3.9499e+00
 -8.0968e+00   5.8651e+00  -2.4568e-01 -1.8111e+00  -6.3914e+00  -1.0062e+00 -3.2740e-01  -2.3490e+00  -3.8398e+00
 -8.0968e+00   5.8651e+00  -2.4568e-01 -3.2740e-01  -2.3490e+00  -3.8398e+00  3.7045e+00   1.8587e+00  -4.3447e+00
 -8.0968e+00   5.8651e+00  -2.4568e-01  3.7045e+00   1.8587e+00  -4.3447e+00  3.5215e+00   3.0206e+00   5.9943e-01
  9.0102e+00   1.6646e+00  -4.0104e+00 -1.1882e+00  -4.5648e+00  -1.5104e+00  6.3810e-01  -4.2397e+00   3.4516e+00
  9.0102e+00   1.6646e+00  -4.0104e+00 -3.5146e+00   1.0539e+00  -3.8918e+00 -1.1882e+00  -4.5648e+00  -1.5104e+00
  9.0102e+00   1.6646e+00  -4.0104e+00 -3.4968e+00   4.7805e+00  -1.2879e+00 -3.5146e+00   1.0539e+00  -3.8918e+00
  9.0102e+00   1.6646e+00  -4.0104e+00  6.3810e-01  -4.2397e+00   3.4516e+00  6.9220e-01  -2.8660e-01   6.0112e+00
 -2.9253e+00  -2.0347e+00  -9.3469e+00 -3.6887e+00  -2.7248e+00   3.5360e+00  6.3980e-01  -4.4049e+00   2.0385e+00
 -2.9253e+00  -2.0347e+00  -9.3469e+00  2.0027e+00   3.8889e+00  -4.4150e-01 -1.7673e+00   6.2216e+00   1.5710e+00
 -2.9253e+00  -2.0347e+00  -9.3469e+00  6.9412e+00   9.5440e-01   2.4040e-01  2.0027e+00   3.8889e+00  -4.4150e-01
 -2.9253e+00  -2.0347e+00  -9.3469e+00  4.7274e+00  -2.7740e+00   7.5190e-01  6.9412e+00   9.5440e-01   2.4040e-01
 -2.9253e+00  -2.0347e+00  -9.3469e+00  6.3980e-01  -4.4049e+00   2.0385e+00  4.7274e+00  -2.7740e+00   7.5190e-01
 -2.9253e+00  -2.0347e+00  -9.3469e+00 -4.5736e+00   1.7409e+00   2.7361e+00 -3.6887e+00  -2.7248e+00   3.5360e+00
 -2.9253e+00  -2.0347e+00  -9.3469e+00 -1.7673e+00   6.2216e+00   1.5710e+00 -4.5736e+00   1.7409e+00   2.7361e+00
  6.9631e+00  -7.0815e+00  -1.1855e+00  8.5890e-01   4.1813e+00  -4.3353e+00 -2.2880e+00   2.4560e-01  -4.4239e+00
  6.9631e+00  -7.0815e+00  -1.1855e+00  1.1036e+00   2.1203e+00   4.4078e+00  2.6852e+00   4.5064e+00   6.2666e-01
  6.9631e+00  -7.0815e+00  -1.1855e+00  2.6852e+00   4.5064e+00   6.2666e-01  8.5890e-01   4.1813e+00  -4.3353e+00
  6.9631e+00  -7.0815e+00  -1.1855e+00 -2.2880e+00   2.4560e-01  -4.4239e+00 -4.6003e+00  -2.3825e+00  -1.0186e+00
  6.9631e+00  -7.0815e+00  -1.1855e+00 -3.2023e+00  -1.6139e+00   4.3891e+00  1.1036e+00   2.1203e+00   4.4078e+00
  6.9631e+00  -7.0815e+00  -1.1855e+00 -4.6003e+00  -2.3825e+00  -1.0186e+00 -3.2023e+00  -1.6139e+00   4.3891e+00
  7.3290e+00   1.9617e+00   6.5307e+00 -3.0414e+00  -2.4071e+00   2.4992e+00 -4.1488e+00   3.6873e+00   1.0887e+00
  7.3290e+00   1.9617e+00   6.5307e+00 -1.4229e+00  -6.3854e+00   2.1990e-01 -3.0414e+00  -2.4071e+00   2.4992e+00
  7.3290e+00   1.9617e+00   6.5307e+00 -4.1488e+00   3.6873e+00   1.0887e+00 -3.5580e-01   4.1540e+00  -2.7905e+00
  7.3290e+00   1.9617e+00   6.5307e+00  2.3734e+00  -5.8370e-01  -4.5299e+00  7.3770e-01  -6.9229e+00  -3.3084e+00
  7.3290e+00   1.9617e+00   6.5307e+00 -3.5580e-01   4.1540e+00  -2.7905e+00  2.3734e+00  -5.8370e-01  -4.5299e+00
  7.3290e+00   1.9617e+00   6.5307e+00  7.3770e-01  -6.9229e+00  -3.3084e+00 -1.4229e+00  -6.3854e+00   2.1990e-01
  1.0974e-01   9.9894e+00   4.6820e-01  2.0262e+00  -1.2989e+00   3.9964e+00 -3.2250e+00  -1.8815e+00   4.4893e+00
  1.0974e-01   9.9894e+00   4.6820e-01 -4.6850e+00  -1.1037e+00  -1.1445e-01  1.6873e-01  -1.0933e+00  -5.0277e+00
  1.0974e-01   9.9894e+00   4.6820e-01  4.3972e+00  -1.1310e+00  -1.5878e+00  2.0262e+00  -1.2989e+00   3.9964e+00
  1.0974e-01   9.9894e+00   4.6820e-01  1.6873e-01  -1.0933e+00  -5.0277e+00  4.3972e+00  -1.1310e+00  -1.5878e+00
  1.0974e-01   9.9894e+00   4.6820e-01 -3.2250e+00  -1.8815e+00   4.4893e+00 -4.6850e+00  -1.1037e+00  -1.1445e-01
  4.6751e+00  -6.8359e+00  -5.6094e+00 -2.8730e+00   2.0272e+00  -2.9856e+00 -6.9606e+00   3.9630e-01  -1.6990e+00
  4.6751e+00  -6.8359e+00  -5.6094e+00 -6.8041e+00  -2.1889e+00   1.8596e+00 -2.3123e+00  -2.6281e+00   3.4053e+00
  4.6751e+00  -6.8359e+00  -5.6094e+00 -6.9606e+00   3.9630e-01  -1.6990e+00 -6.8041e+00  -2.1889e+00   1.8596e+00
  4.6751e+00  -6.8359e+00  -5.6094e+00  3.1469e+00   3.9357e+00   8.8600e-02 -6.5920e-01   5.7556e+00  -3.4971e+00
  4.6751e+00  -6.8359e+00  -5.6094e+00 -6.5920e-01   5.7556e+00  -3.4971e+00 -2.8730e+00   2.0272e+00  -2.9856e+00
 -3.1153e+00   8.1079e+00   4.9575e+00  5.2512e+00   5.8260e-01  -4.9290e-01  6.2955e+00  -2.4589e+00   2.6619e+00
 -3.1153e+00   8.1079e+00   4.9575e+00 -1.8978e+00  -3.2039e+00   2.1754e+00 -5.4552e+00  -4.5243e+00  -1.2533e+00
 -3.1153e+00   8.1079e+00   4.9575e+00  6.2955e+00  -2.4589e+00   2.6619e+00  2.9957e+00  -4.8555e+00   4.5043e+00
 -3.1153e+00   8.1079e+00   4.9575e+00  2.9957e+00  -4.8555e+00   4.5043e+00 -1.8978e+00  -3.2039e+00   2.1754e+00
 -3.1153e+00   8.1079e+00   4.9575e+00 -5.4552e+00  -4.5243e+00  -1.2533e+00 -1.4600e+00   7.7780e-01  -4.6037e+00
  9.6483e+00  -2.5751e+00  -5.5884e-01 -1.5816e+00  -2.3861e+00   3.7811e+00  5.4100e-02   3.9531e+00   2.5596e+00
  5.5134e+00   6.4451e+00  -5.2983e+00 -1.0065e+00   2.4133e+00   4.1787e+00 -5.2349e+00   2.4510e+00   7.3880e-01
  5.5134e+00   6.4451e+00  -5.2983e+00 -4.5111e+00  -7.4470e-01  -2.8582e+00 -1.7800e-02  -3.7266e+00  -2.6039e+00
  5.5134e+00   6.4451e+00  -5.2983e+00 -5.2349e+00   2.4510e+00   7.3880e-01 -4.5111e+00  -7.4470e-01  -2.8582e+00
  7.8220e+00  -2.9002e+00  -5.5208e+00 -2.3264e+00   5.6187e+00  -2.3814e+00 -3.8061e+00   1.8199e+00  -3.5857e+00
 -2.0912e+00  -7.2128e+00   6.6035e+00 -4.2295e+00   3.8260e+00   3.7440e-01  1.0324e+00   5.3848e+00   3.1849e+00
 -2.0912e+00  -7.2128e+00   6.6035e+00  1.2298e+00  -2.5392e+00  -4.5547e+00 -3.9930e+00   2.7160e-01  -2.7545e+00
 -2.0912e+00  -7.2128e+00   6.6035e+00  5.8520e+00  -1.4826e+00  -3.3999e+00  1.2298e+00  -2.5392e+00  -4.5547e+00
 -2.0912e+00  -7.2128e+00   6.6035e+00 -3.9930e+00   2.7160e-01  -2.7545e+00 -4.2295e+00   3.8260e+00   3.7440e-01
 -1.0588e+00  -1.8280e+00   9.7884e+00  9.3916e-01   5.0804e+00  -3.2660e-01  5.3464e+00   1.3826e+00  -7.5850e-01
 -2.2855e+00  -6.4396e+00  -7.3084e+00 -4.3285e+00   1.6801e+00   1.4975e+00  1.5650e-01  -2.5852e+00   3.5586e+00
 -9.9079e+00  -5.2626e-01  -1.2519e+00  2.4090e+00   2.3249e-01  -5.3589e+00  1.4837e+00   4.0424e+00  -2.8336e+00
 -9.9079e+00  -5.2626e-01  -1.2519e+00  6.4700e-01  -8.0834e-01   4.7844e+00  1.3936e+00  -4.5817e+00   3.7500e-02
 -9.9079e+00  -5.2626e-01  -1.2519e+00  1.3374e+00   4.1099e+00   4.9561e+00  6.4700e-01  -8.0834e-01   4.7844e+00
 -9.9079e+00  -5.2626e-01  -1.2519e+00  1.3936e+00  -4.5817e+00   3.7500e-02  3.2939e+00  -4.2332e+00  -4.5590e+00
 -9.9079e+00  -5.2626e-01  -1.2519e+00  3.2939e+00  -4.2332e+00  -4.5590e+00  2.4090e+00   2.3249e-01  -5.3589e+00
  3.1802e+00   5.6490e+00   7.6194e+00  1.1074e+00  -6.0944e+00   1.4105e+00 -3.2998e+00  -2.3966e+00   1.8424e+00
  3.1802e+00   5.6490e+00   7.6194e+00 -1.0443e+00   3.0415e+00  -3.1548e+00  3.7930e+00   4.6670e-01  -3.8792e+00
  2.3628e+00  -9.4640e+00  -2.2041e+00 -4.4918e+00   4.3920e-01  -1.5457e+00 -3.2242e+00  -2.8800e-01   4.2529e+00
  2.3628e+00  -9.4640e+00  -2.2041e+00 -3.2242e+00  -2.8800e-01   4.2529e+00  1.3980e+00   7.6860e-01   5.4077e+00
 -8.4242e+00   3.5161e+00  -4.0855e+00  3.7316e+00   6.7080e-01  -3.6904e+00  4.0319e+00   4.2077e+00  -5.0490e-01
 -8.4242e+00   3.5161e+00  -4.0855e+00  9.2530e-01  -3.8099e+00  -2.5253e+00  3.7316e+00   6.7080e-01  -3.6904e+00
 -6.0842e+00  -6.9412e+00   3.8490e+00  7.8200e-01  -1.5294e+00  -4.3300e+00 -2.4301e+00   1.8332e+00  -5.0634e+00
 -6.0842e+00  -6.9412e+00   3.8490e+00  5.2228e+00  -2.8108e+00  -1.8002e+00  7.8200e-01  -1.5294e+00  -4.3300e+00
 -6.0842e+00  -6.9412e+00   3.8490e+00 -2.4301e+00   1.8332e+00  -5.0634e+00 -3.1767e+00   5.6066e+00  -3.1650e-01
 -6.0842e+00  -6.9412e+00   3.8490e+00 -3.1767e+00   5.6066e+00  -3.1650e-01 -2.3650e-01   3.5544e+00   3.1289e+00
 -4.3923e+00   7.7238e+00  -4.5904e+00  5.3946e+00  -2.0234e+00  -3.5661e+00  4.6708e+00   1.1723e+00   3.0900e-02
 -4.3923e+00   7.7238e+00  -4.5904e+00 -3.0030e-01  -3.5369e+00  -3.1855e+00  5.3946e+00  -2.0234e+00  -3.5661e+00
 -4.3923e+00   7.7238e+00  -4.5904e+00  4.6708e+00   1.1723e+00   3.0900e-02 -1.8300e-01   1.1619e+00   4.9441e+00
 -4.6926e+00   4.1869e+00  -7.7759e+00  3.7700e+00  -2.3327e+00  -2.0125e+00  5.6949e+00   1.5135e+00  -3.8060e-01
  5.4956e+00   2.7185e+00  -7.9022e+00 -4.4933e+00   2.9819e+00  -2.5430e-01 -6.4182e+00  -8.6430e-01  -1.8862e+00
  5.4956e+00   2.7185e+00  -7.9022e+00 -6.4182e+00  -8.6430e-01  -1.8862e+00 -1.4797e+00  -3.7988e+00  -1.2043e+00
 -8.5143e+00  -5.1080e+00  -1.2144e+00  3.2121e+00  -3.3626e+00   7.3343e-01  1.9003e+00   3.4850e-01  -4.5965e+00
  6.9732e+00   6.1157e+00   3.7402e+00 -4.8373e+00   2.5748e+00   7.2440e-01 -2.4663e+00   2.7427e+00  -4.8598e+00
  8.0667e+00  -4.9612e+00   3.2223e+00 -4.3059e+00  -3.7342e+00  -1.8700e-02 -2.1606e+00   5.3750e-01   3.5283e+00
 -5.3022e+00  -8.4706e+00  -4.8097e-01  4.4408e+00  -1.2814e+00   2.5298e+00  3.1732e+00  -5.5420e-01  -3.2688e+00
 -5.3022e+00  -8.4706e+00  -4.8097e-01  3.1732e+00  -5.5420e-01  -3.2688e+00 -1.3118e+00   3.7111e+00  -5.3299e+00 
*---Funnel walls
0
*---Periodic boundary conditions
0
*---Gravity Body
0
*---Planet System
0
*---Rotary System
0.2 100.0