         100
       40406
       40407
       40408
       40409
       40410
       40473
       40474
       40475
       40476
       40477
       40540
       40541
       40542
       40543
       40544
       40607
       40608
       40609
       40610
       40611
       44895
       44896
       44897
       44898
       44899
       44962
       44963
       44964
       44965
       44966
       45029
       45030
       45031
       45032
       45033
       45096
       45097
       45098
       45099
       45100
       49384
       49385
       49386
       49387
       49388
       49451
       49452
       49453
       49454
       49455
       49518
       49519
       49520
       49521
       49522
       49585
       49586
       49587
       49588
       49589
       53873
       53874
       53875
       53876
       53877
       53940
       53941
       53942
       53943
       53944
       54007
       54008
       54009
       54010
       54011
       54074
       54075
       54076
       54077
       54078
       58362
       58363
       58364
       58365
       58366
       58429
       58430
       58431
       58432
       58433
       58496
       58497
       58498
       58499
       58500
       58563
       58564
       58565
       58566
       58567
