         500
       26936
       26937
       26938
       26939
       26940
       26941
       26942
       26943
       26944
       26945
       27003
       27004
       27005
       27006
       27007
       27008
       27009
       27010
       27011
       27012
       27070
       27071
       27072
       27073
       27074
       27075
       27076
       27077
       27078
       27079
       27137
       27138
       27139
       27140
       27141
       27142
       27143
       27144
       27145
       27146
       27204
       27205
       27206
       27207
       27208
       27209
       27210
       27211
       27212
       27213
       27271
       27272
       27273
       27274
       27275
       27276
       27277
       27278
       27279
       27280
       31425
       31426
       31427
       31428
       31429
       31430
       31431
       31432
       31433
       31434
       31492
       31493
       31494
       31495
       31496
       31497
       31498
       31499
       31500
       31501
       31559
       31560
       31561
       31562
       31563
       31564
       31565
       31566
       31567
       31568
       31626
       31627
       31628
       31629
       31630
       31631
       31632
       31633
       31634
       31635
       31693
       31694
       31695
       31696
       31697
       31698
       31699
       31700
       31701
       31702
       31760
       31761
       31762
       31763
       31764
       31765
       31766
       31767
       31768
       31769
       35914
       35915
       35916
       35917
       35918
       35919
       35920
       35921
       35922
       35923
       35981
       35982
       35983
       35984
       35985
       35986
       35987
       35988
       35989
       35990
       36048
       36049
       36050
       36051
       36052
       36053
       36054
       36055
       36056
       36057
       36115
       36116
       36117
       36118
       36119
       36120
       36121
       36122
       36123
       36124
       36182
       36183
       36184
       36185
       36186
       36187
       36188
       36189
       36190
       36191
       36249
       36250
       36251
       36252
       36253
       36254
       36255
       36256
       36257
       36258
       40403
       40404
       40405
       40411
       40412
       40470
       40471
       40472
       40478
       40479
       40537
       40538
       40539
       40545
       40546
       40604
       40605
       40606
       40612
       40613
       40671
       40672
       40673
       40674
       40675
       40676
       40677
       40678
       40679
       40680
       40738
       40739
       40740
       40741
       40742
       40743
       40744
       40745
       40746
       40747
       44892
       44893
       44894
       44900
       44901
       44959
       44960
       44961
       44967
       44968
       45026
       45027
       45028
       45034
       45035
       45093
       45094
       45095
       45101
       45102
       45160
       45161
       45162
       45163
       45164
       45165
       45166
       45167
       45168
       45169
       45227
       45228
       45229
       45230
       45231
       45232
       45233
       45234
       45235
       45236
       49381
       49382
       49383
       49389
       49390
       49448
       49449
       49450
       49456
       49457
       49515
       49516
       49517
       49523
       49524
       49582
       49583
       49584
       49590
       49591
       49649
       49650
       49651
       49652
       49653
       49654
       49655
       49656
       49657
       49658
       49716
       49717
       49718
       49719
       49720
       49721
       49722
       49723
       49724
       49725
       53870
       53871
       53872
       53878
       53879
       53937
       53938
       53939
       53945
       53946
       54004
       54005
       54006
       54012
       54013
       54071
       54072
       54073
       54079
       54080
       54138
       54139
       54140
       54141
       54142
       54143
       54144
       54145
       54146
       54147
       54205
       54206
       54207
       54208
       54209
       54210
       54211
       54212
       54213
       54214
       58359
       58360
       58361
       58367
       58368
       58426
       58427
       58428
       58434
       58435
       58493
       58494
       58495
       58501
       58502
       58560
       58561
       58562
       58568
       58569
       58627
       58628
       58629
       58630
       58631
       58632
       58633
       58634
       58635
       58636
       58694
       58695
       58696
       58697
       58698
       58699
       58700
       58701
       58702
       58703
       62848
       62849
       62850
       62851
       62852
       62853
       62854
       62855
       62856
       62857
       62915
       62916
       62917
       62918
       62919
       62920
       62921
       62922
       62923
       62924
       62982
       62983
       62984
       62985
       62986
       62987
       62988
       62989
       62990
       62991
       63049
       63050
       63051
       63052
       63053
       63054
       63055
       63056
       63057
       63058
       63116
       63117
       63118
       63119
       63120
       63121
       63122
       63123
       63124
       63125
       63183
       63184
       63185
       63186
       63187
       63188
       63189
       63190
       63191
       63192
       67337
       67338
       67339
       67340
       67341
       67342
       67343
       67344
       67345
       67346
       67404
       67405
       67406
       67407
       67408
       67409
       67410
       67411
       67412
       67413
       67471
       67472
       67473
       67474
       67475
       67476
       67477
       67478
       67479
       67480
       67538
       67539
       67540
       67541
       67542
       67543
       67544
       67545
       67546
       67547
       67605
       67606
       67607
       67608
       67609
       67610
       67611
       67612
       67613
       67614
       67672
       67673
       67674
       67675
       67676
       67677
       67678
       67679
       67680
       67681
